1038206100683788288
1038206816685154304
1038206836796858368
1038206857420193792
1038206882925625344
1038206909861457920
1038206870904766464
1038206892622848000
1038206917134557184
1038206940450684928
1038206959740289024
1038207700013924352
1038207725888471040
1038207747543646208
1038207773376356352
1038207794083606528
1038209503786971136
1038209524481568768
1038209543506870272
1038209564021334016
1038209587349848064
1038209612562018304
1038209637392355329
1038431560147656704
1038431585237843968
1038431613175963648
1038431639306760192
1038432809353818112
1038432835857678336
1038432858175725568
1038432879587622912
1038432901200867328
1038432925288628224
1038209904485310464
1038210253065809920
1038210649784053760
1038210669107081216
1038210689122476032
1038211375528718336
1038212452520927232
1038212472829718528
1038212494459699200
1038212511463596032
1038212530463678464
1038212549304692736
1038212569286025216
1038212714480529408
1038212840347402240
1038454333196668928
1038454354637918208
1038213177065885696
1038213196930310144
1038213217612423168
1038457926595391488
1038214515199963136
1038214537018826752
1038214561521897472
1038214582057345024
1038215068911173632
1038215090079821824
1038215113659940864
1038468853877145601
1038215148066033664
1038215166781046784
1038215187978895360
