1086616952281112576
1086616980613726208
1086617005666267136
1086617029494083584
1086617054303358976
1086617078760505344
1086617106426023936
1086617131877003264
1086617155042201600
1086617179226664960
1086617202765082624
1086617227024830464
1086617253688152064
1086617278736478208
1086617304162344960
1086617328644505600
1086617354682576896
1086618463660916736
1086618489225093120
1086618512306393088
1086618536306253824
1086618559236403200
1086618583282487296
1086618606992896000
1086618632837971968
1086618656968032256
