1111951525190135808
1111951763686645760
1111952200699527168
1111952331960180736
1111952681496735744
1111953256489721856
1111956503124226048
1111956661299871744
1111956862693531648
1111957046571921408
1115281341394083840
1115281504875544576
1115281652829507584
1111958141213868032
1111958304481402880
1111960588766384128
1111960780055994368
1111962856433623040
1111964189010255872
1111964764112211968
1111981616280363008
1111982027506802688
1111986036401586176
1111986193843154944
1111986412928442368
1111986530477953024
1111986697335828480
1111986876977827840
