1094176040527712256
1094176061948112896
1094176082793787392
1094176104012673024
1094176125240078336
1094176146186448896
1094176166897856512
1094176187856879616
1094176208136302592
1094176229468577792
1094176249404059648
1094176270816018432
1094176292253138944
1094176310523445248
1094176330769371136
1094176350197334016
1094176374981509120
1094176400952655872
1094176425292144640
1094176453867982848
1094176483441999872
1094176941174894592
1094176961152241664
1094176981834399744
1094177002428481536
1094177025161588736
1094177047517159424
1094177068065120256
