1099337373078413312
1099337466988912640
1099337742206496768
1099337839409528833
1099337908691030016
1099337995445944321
1099338056401842176
1099338121321291776
1099338175058657280
1099338234882113536
1099338284806881280
1099338325600591872
1099342402292113408
1099342700775559168
1099342764692545536
1099342852710010880
1099343039113281536
1099343086991306752
1099343156142878720
1099343206101200896
1099343250879500288
1099343307926212608
1101796789744668672
1101797375307251712
1101797436628054016
1101797489841094656
1101797555867942912
1101797605511626752
1101797689427099648
1101797758884835328
1101797824953430016
1101797943861972992
1101798070559256576
1101798147948441600
1102678473386102784
1102681068527824896
1102681156994015232
1102681209913667584
1102681261709144064
1102681316759273472
1102681363982979072
1102691205145579520
1102691416924438528
1102692742018211840
1102692792001757184
1102692845240061952
1102692888537837568
1102692952693907457
1102693005907132416
1102693066531545088
1102693153810747392
1103985203449524224
1104016677511036928
1104016788446179328
1104016841327935488
1104016913092452352
1104016979941244928
1104017105686462464
1104017159751065600
1104017228432879616
1104017292882468864
1104017426114564096
1104018380037648384
1104018434605592576
1104036098354909184
1104036146211799040
1104036208069480448
1104036280396083200
1104036333986607104
1104036781632122880
1104037076290338816
1106150394589339648
1106150689994227712
1106151077946408960
1106151184758476800
1106151275397361664
1106151364316639232
1106151450689904640
1108826457094242304
1108829780249751552
1108829990380122112
1108830070420000768
1108830136434163712
1108830212028162048
1108839955039764480
1108840284045193216
1108840397090082816
1108840741626953728
1108840819796213760
1108866638295928832
1108866726221139968
1108866819112292352
1108866896618913792
1108866993855455232
1108867192191475712
1108867302573002752
1109124663141232640
1109136047052660736
1109136599480360960
1109136790434312192
1109137765022781440
1109156740289081344
1109156816457596928
1109156887119056896
1109156969960660992
1109157057374146560
1109157122352386048
1109157172604387328
1109415447602167808
1109415663277473792
1109418614649778176
1109418768962424832
1109418869768396800
1109418976018407424
1109419098966138880
1109419209825808384
1109419318873444352
1109420879976587264
1109465961345875968
1109467325165801472
1109467434888818688
1109467612014223360
1109467733653258240
1109467847230758912
1109467951190749184
1109468074461446144
1109468164710182912
1109468260420071424
1109468373175517184
1109491296569372672
1109491395898929152
1109491531408482304
1109491670122471424
1109492836147466240
1109493161998745600
1109493363648233472
1109493620733890560
1109493767463247872
1109494831549779968
1109516449583996928
1109516679637364736
1109516753289433088
1109517644977414144
1109517771087548416
1109517981868146688
1109519254826864640
1109519350469451776
1109519472641212416
1109519659870777344
