1126822078351028224
1126824527287627776
1126842676666134528
1126857930405908480
1126864370578493440
1126873553450164224
1126882850825383936
1126888855290368000
1127170595665907712
1127189813991915520
1127207638764830720
1127217975811497984
1127237557859225600
1129428332919607296
1129434042801659904
1129451973354840064
1131580541773021184
1135176729101520896
1139957344950661120
1139961592555921408
1139963701695295488
1140236617846427648
1140253632833429504
1140263057900154880
1140267950811467776
1140268879325499392
