1142017826356346880
1142017706525052928
1142017701357715456
1142017711470206976
1142017716562071552
1142017721586802688
1142017726548672512
1142017731519029248
1142017736682209280
1142017741690097664
1142017746626854912
1142017751588667392
1142017756508684288
1142017761390759936
1142017766268674048
1142017771155144704
1142017776179912704
1142017781112459264
1142017786074271744
1142017791153602560
1142017796262195200
1142017801379155968
1142017806366306304
1142017811298742272
1142017816331993088
1142017821318942720
