1150448850748772352
1150448855819702272
1150448860827635712
1150448865814728704
1150448870956859392
1150448876044513280
1150448881086070784
1150448886316355584
1150448891530035200
1150448896785440768
1150448901822767104
1150448906818097152
1150448911876554752
1150448916972589056
1150448922031017984
1150448927156326400
1150448932252459008
1150448937281392640
1150448942385942528
1150448947368632320
1150448952506843136
1150448957426561024
1150448962459889664
1150448967551664128
1150448972870127616
1150448977982853120
1150448982953291776
1150448987860574208
1150448992830754816
1150448997826297856
1150449003010457600
1150449008051855360
1150449013206659072
1150449018747404288
1150449023977742336
1150449029069582336
1150449034018942976
1150449038846599168
1150449043904921600
1150449048875081728
1150449053937512448
1150449058945646592
1150449063940911104
1150449068865048576
1150449073797607424
1150449078675673088
1150449083545112576
1150449088393740288
1150449093359796224
