1169944063582654464
1169945594633629696
1169947195670798336
1169947888624357376
1169948349812842496
1169948826017763328
1169950394884521984
1169951499190272000
1169951915990503424
1169952278303264768
1169952683963760640
1169963501329240064
1169964666758868992
1169966744214114304
1169967269378756608
1169968430773047296
1169969252122648576
1169969712217165824
1169970464100777984
1169970767654768640
1169971493290340352
1169971710572367872
1169972844762206208
1169973441851052032
1169973656343269376
1169973927308148736
1169974280896397312
1169974669569622016
1169974913883619328
1169975955052789760
1169976704419414016
1169977684410564608
1169977995606511616
1169979006618673152
1169979289058951168
1169979726780710912
1169980035288162304
1169980410464456704
1169980785938993152
1169981364144771072
1169981740956475392
1169982012399632384
1169982818087682048
1169987524780093440
1169988041510289408
1169989130099507200
1169989450636640256
1169989902690385920
1169990128000266240
1169990403838439424
1169990589071384576
