1249063197145452544
1249063197719937024
1249063198277459968
1249063199074500608
1249063199636758528
1249063200219516928
1249063200794132480
1249063201536860160
1249063202102300672
1249063202660151296
1249063203252051968
1249063204011634688
1249063204581765120
1249063205202632704
1249063205794103296
1249063206540541952
1249063207123615744
1249063207689768960
1249063208276434944
1249063208901767168
1249063209690411008
1249063210273398784
1249063210851897344
1249063211620016128
1249063212185415680
1249063212756750336
1249063213318668288
1249063214085795840
1249063214673199104
1249063217026412544
1249063217852387328
1249063218431275008
1249063219068854272
1249063219245068288
