1251918145361235968
1251918145536950272
1251918145734152192
1251918145902133248
1251918146023059456
1251918146581569536
1251918147156213760
1251918147701133312
1251918148732559360
1251918149273899008
1251918149873377280
1251918149991645184
1251918150532194304
1251918151073517568
1251918151668953088
1251918151777964032
1251918152335749120
1251918152881594368
1251918153418027008
1251918153980329984
1251918154563272704
1251918154676654080
1251918155242905600
1251918155800285184
1251918156341923840
1251918156928221184
1251918157062934528
1251918157616377856
1251918158182727680
1251918158744842240
1251918159340302336
1251918159449571328
1251918159985913856
1251918160527011840
1251918161068875776
1251918161605525504
1251918162196238336
1251918162305798144
1251918162854805504
1251918163421597696
1251918163966537728
1251918164524941312
1251918165086146560
1251918165649010688
1251918166218899456
1251918166768721920
1251918167309115392
1251918167854919680
1251918168412512256
1251918168953241600
1251918169549344768
1251918169683693568
1251918170237235200
1251918170886836224
1251918171462135808
1251918171583963136
1251918172124946432
1251918172695232512
