1263854675625213952
1263855522212151296
1263856914951581696
1263858323134685184
1263859029233086464
1263860375364976640
1263862045587746816
1263863681324011520
1263864389591277568
1263865075800199168
1263866345408065536
1263868139404042240
1263875958429798400
1263876929788399616
1263882679273431040
1263883766625443840
1263885460319309824
1263886986655412224
1263888203401773056
1263890795611738112
1263892929623547904
1263897795779719168
1263899634298408960
1263900449960644608
1263901133204320256
1263909389092139008
1264210820302553088
1264256748790837248
1264258041970753536
1264258982472388608
1264261186947432448
1264263499079192576
1264268908439121920
1264269842145435648
1264271580165189632
1264272645966704640
1264273410852532224
