1431711889835741185
1431711891127742464
1431711892906139648
1431711894302711808
1431711895858847744
1431711897159151616
1431711898509701120
1431711899671425025
1431711900896321536
1431711902146105345
1431711903563833345
1431711905317031936
1431711906842869760
1431711908411490304
1431711909879525376
1431711912329969664
1431711915580436480
1431711917291814912
1431711918621433856
1431711920064147456
1431711921556475904
1431711922873438208
1431711924463927296
1431711925759123456
1431711927001673728
1431711928230547456
1431711929857888256
