1467924906809282560
1474093666499608576
1484909660210114561
1487424863615295488
1490293696566845440
1495071351853072384
1500925659244978176
1501603181863440384
1505589592128000000
1508514255422451712
1514621055545540608
1515712837838696448
1518638924210057216
1527353392694968320
1528731232711516160
1531311857365479424
1536362077605687296
1538886427936333824
1543967778582769665
1546528025457729536
1551626229824028672
1556674563072892928
1559233408802369536
1562079230820790273
1573304128075153408
1580240516246904833
1587823256739954688
1592871507407036416
