1469042589999988736
1469042591219650560
1469042592268161024
1469042593211879425
1469042594613702656
1469042701488726016
1469042702905540609
1469042704080912384
1469042705309843456
1469042809571852288
1469042810778923008
1469042813187207168
1469042814240051200
1469042932158787584
1469042933626679296
1469042934847299585
1469042936381526016
1469043020939554816
1469043022390714368
1469043023610433536
1469043024784822272
1469043095244898304
1469043096999116800
1469043098538442752
1469043101196660736
1469043102627811328
