1479128995383533568
1479132298600128513
1479133792275697664
1479134432350715904
1479134869880471552
1479135175388475392
1480183392235372545
1479454100932349953
1479461248110256128
1479464436334915584
1479468736247267328
1479473348296437760
1480184433797558272
1479476381188407296
1479478556292378624
1479481425913647105
1479484597276282881
1479495967300472832
1480184810131517440
1479501385909174272
1479503591911763969
1479507472298180608
1479509846462885888
1479512986464919552
1480185085336530944
1479517687151419393
1479530636608679936
1479532942724186112
1479534879720964096
1479536649314516992
1480185567418204160
1479784896259993600
1479806775251259392
1479808884872937472
1479814206295420928
1479817805364826112
1480185975841779712
1479820742849773568
1479824523545075712
1479827490810441728
1479829339122008064
1479831596291780608
1480186635346710528
1479835010446823424
1479837126288564224
1479838784639991808
1479840467378987009
1479842194006138880
1480187047515828224
1479845776452591616
1479848616362209280
1479848808008376320
1479863368957300736
1479863566269980672
1480187400593305602
1479870982790275073
1479877283279831040
1479879937478193152
1479882319439384576
1479884767110246401
1480181729235615744
