1487139375859773441
1492225690443845633
1492541441969098752
1493189400644919296
1493319385096335360
1495368817882226688
1496886932818403328
1498328783418003456
1499385932528275456
1499760934419214336
1500793574006796288
1501944348065755136
1505567867630669824
1505976623735816192
1506955592421457920
1507359600415916034
1508437320583450625
1510567744873009152
1510630944814247937
1510682809051660288
1512091479317573632
1512504971208044544
1513189665229819904
1513242331759599616
1513243838247907328
1513245211501735936
1514558475057631232
1514563072388149248
1514594841678278656
1517131825906049024
1517561088577581056
1517563237335343104
1517870680134053889
1518203211072286720
1518596478251147264
1519718947603177473
1520127295024676864
1520695267464204288
1521129537546588160
1521131275141808128
1523272857862242304
1523300097722458112
1525111313575882752
1525857120507846656
1525859247207776256
1525862450872639488
1526173335565783040
1527352891890778112
1527745634027581440
1527747649192710144
1529825193514401792
1530197293286756352
1533186179322716160
1533825816869277696
1535309974939332608
1536014482296221696
1536045809577005056
1536052210550509569
1536354898052882432
1540034228657516544
1540342398450601985
1542568341092331520
1556603237154639873
1558096647791247360
1558106355419811841
1559638858874191873
1562046775225106432
1562063838211674112
1563155002566373376
1563520946509721600
1563575788032688129
1563973350464094208
1564275024558845952
1565355839015346176
1565358081227038721
1565374820325502976
1565713933968797696
1565743267802755072
1565752829578510336
1566078198152159232
1566102615963676674
1567968469232152576
1567970485379457024
1567975958241607681
1567982881296760832
1568603492196999168
1568620787459883008
1568630444228268033
1568646235908784128
1568677576305995776
1570782741452480512
1570785734935404544
1570790426323345408
1570796028588179456
1579132701667450881
1591810662866497536
1593979157784096768
