1497038207267610624
1497039702313754624
1497322084225654785
1497323021031792640
1497323637023285248
1497324700564561920
1497326146567647232
1497327027157471232
1497328187503341568
1497328459902439424
1497330199338975232
1497332792677154816
1497332886861139968
1497336979906162688
1497338627240112128
1497339126043504640
1497339620975656960
1497340479288737793
1497341655556079616
1497343177962561536
1497344063052988416
1497345018117070848
1497345549884338176
1497346265624670208
1497346903025553408
1497347281842479104
