1502706500392554496
1506290417963995137
1512513861848985600
1519702644582555649
1528473728694824960
1529881778394800128
1532779010588708864
1533082621739769856
1533531670905352192
1536030648447430656
1536392714019319809
1537529993336324096
1538186247071195136
1540060731177664512
1540705896866398208
1541087328860209152
1542564600406388736
1542597179839717376
1543268961277390848
1545150188355792896
1545373945725198336
1545843407066468354
1546529524434771969
1547670035736449024
1550496932169981952
1550532210272518144
1550537602268336128
1550890523761508352
1556370705188626432
1558190533608153088
1558898717049954304
1559156634915688448
1560213123709321216
1562133523317628928
1562865431408250880
1565789177765175296
1566515825170980864
1566521318262145024
1566853853374480384
1567938914777706497
1570501957101248512
1570504088399089664
1570862351477374976
1570867108313047040
1579130607342391297
1579184897276776449
1581657836395982848
1582062284112801792
1583493929852153857
1583876824123367425
1584210004374102016
1586066631658246144
1588546876982448128
1588572257256988674
1588945677987495936
1589324268487254016
1590789266359152640
1591128731103469568
1591138057629118464
1591470623636901889
1591493120436473856
1596175094530670592
1596193534788386816
1596547244341239808
