1513465703458381824
1510195613710528512
1510196948863176704
1510197944896225280
1510293793937518592
1510198912070115328
1510200442466758656
1510202565853286400
1510203567386718208
1510205161943732224
1510207093542412288
1517581613428482048
1512367490398728192
1517581614813536256
1512367883560271872
1519645405873057792
1512367488951676929
1518305297018363904
1517934016490078208
1517466471760007168
1512367497047592960
1512367477811638272
1512367479490318336
1512367481281228800
1512367482849816576
1512367484455424000
1512367486296715264
1512367487517196288
1512367491767025664
1512367493453012992
1512367495650930688
1512367884945317888
1512367886388129793
1512487232179412992
1512487233630629888
1512487235420786689
1512487237081726976
1512487239086608384
1512487240823009280
1512487242187141120
1512487243386654720
1512487244790788096
1512487246275584000
1512487247395520512
1512487248901193728
1512487250638581760
1512487252102361088
1512487255431733248
1512487256758005760
1512487258082549760
1512487259709927424
1512487261229281280
1512487262768500736
1512487264235646977
1512487265679306752
1512487267340263424
1512487268711886849
1512487270292963329
1512487271467446272
1512487272977502208
1514573948968243200
1517466466412253184
1517466467683053568
1517466469960617985
1517581608563945472
1517581610811166720
1517581612271702016
