1518590571887718400
1520813293006086144
1522315103243911168
1530871003685498880
1543651305620467713
1554155058622791680
1558494443837009920
1558495462730272768
1558789524783792128
1558791880707612672
1558796207304208384
1558813832545542144
1558820532770013184
1558824898478178304
1559861082449235968
1559962341566816256
1560333562070724608
1560671286006935552
1561345897715445760
1561746613373972480
1561760663961317376
1562089114534674432
1562099508221317121
1562106300976254977
1562106333775740928
1562145701043380224
1562428601332371456
1562519896633860096
1562774538760450049
1562792487428841472
1562794310579404800
1563220295564877824
1563539973671981056
1563566691161927680
1563577262158606337
1563932149778169856
1563939624313094145
1563941759322660865
1564239585080815616
1565383443852328960
1565745352237658112
1566087857026150401
1566096092416126976
1566107688957923328
1566416917086236672
1566481066722050048
1566788409271828480
1566790032018571265
1566803072545972224
