1532768200844001281
1532774564735533056
1532775653049335808
1535296513059635200
1535319273576112128
1538122613594820608
1538897798737334272
1540700507122831360
1540793627915087872
1540801497943535616
1541073404710354944
1541383143533170688
1543551673397637120
1545101720069509120
1545522563090132992
1545524614444306432
1545526333463261185
1546541061165699073
1547666263261982720
1548009402246008832
1548376706578292736
1548407365938089984
1548694099624128512
1549043229395189760
1549044181720342528
1549131918305947648
1550533419565531136
1550881140436824064
1551520287379886081
1551535234277154816
1551663517035626496
1553034223816286209
1553349786308468736
1553458859066503168
1553465195652947968
1553746274075160576
1553838048709951488
1553840647936913409
1553843558678974464
1555190084709937152
1555554243985260544
1555565698935689216
1555567873157926912
1555651591558041600
1556737761662746624
1557819675106603008
1557821154890498048
1558099454624051202
1558176184520826880
1558184825738973184
1558857794324951041
1559934975943942144
1560770120791830530
1560934053473406976
1561302315004481536
1561685277323530240
1562418422742212608
1563136282225782784
1563195814670970880
1564290345088729088
1564306022872911873
1564307999350616064
1565801069321617408
1565805996072718336
1566475090371235840
1566825524181049344
1568255043693969408
1570844192191983616
1571544520864444418
1571546463112445952
1572972365893623808
1572985080561270784
1573732108346105856
1573738519708827648
1573760933331169280
1575898843056660480
1576209891387219968
1583135176514818048
1585649819405787136
