1548359895103348736
1550620769750872064
1551595116275662848
1555214273181364224
1557727208331984896
1558827308814987264
1558862600603185152
1562528454867931136
1563197107951153152
1564300410877362176
1565670984220119040
1568589635198038016
1572623147253260288
1571523777380499456
1574445420260106240
1575557828990939136
1577018996875804672
1578026246767886336
1581670926793469952
1584140796084793345
1587078782745284608
1588567732898942976
1590405994592612353
1592226770572578817
1594029103861932032
1594648472027635712
1596910559500316672
