1550794150206717952
1550812784476200961
1550839337536995328
1550846269958172673
1550868450020642816
1553408815240069120
1555615850547277824
1555617947040825344
1555986926972370945
1556344417878745088
1556683129276002304
1556693610602729472
1558166196050231297
1558469677227094016
1562443543855153152
1563573770178289664
1566426088213032961
1566438183683928064
1566463286417195008
1568628573468082176
1569374275978330112
1571180203979546625
1571203485533741056
1571505448657571840
1571892572666114048
1571911205043855360
1573675840633503744
1574104728082100224
1574407231617024000
1576626707800555520
1576895663916445696
1576935573088153601
1576946091185889280
1576951698999898112
1578058174753374209
1578073921865388032
1578436434410913792
1578450920119091201
1578842041294979072
1579133928249643009
1579154602519400448
1579158595794604032
1579172413107081216
1580977617875918848
1582012392602640384
1582023490198208512
1584570374217519104
1586680271965020161
1587083129130573825
