1569324446351114240
1569341329150320640
1569352956994166784
1569359393241710592
1569362253702426624
1569384437955104768
1570090797508263936
1570096885477584897
1570120854771613696
1570378761232695296
1570420316572225537
1570428889033281537
1570430748850532352
1570444788146515968
1570452266460340224
1570457467418464256
1570467134366236672
1570481819644116992
1570775126106402816
1570788471932911617
1570791823228002305
1570849548817080320
1571092835457273856
1571102952013385729
1571105540243165184
1571111393344016384
1571120173729423360
1571135137106046976
1571153824613662720
1571157551466692609
1571168924841959424
1571183905381498880
1571192147650519040
1571193021856452608
1571195991205883904
1571490457376231424
1571566478306013184
1571569694703804416
1571889729519472640
1571907450009182208
1571911168268124160
1571918268218200064
1571920174130937857
1571921621044195328
1571927837833179136
1571930115214422016
1571931575058636800
1571935147833655296
1571990506728292352
1572621497323245568
