1571524089289838592
1571529792423510016
1571537759176663040
1571538495193198592
1571572566963253248
1571888187043127296
1571914508083351553
1573331615073366017
1573677085306060800
1573732423136931840
1574062445328642049
1574077187119849472
1574079039899320320
1574472895061037056
1575565000017379328
1575945121530642432
1576238124191244289
1576290226007134208
1577005799876124673
1578354658585579520
1578369201391267840
1578419472917815296
1578812528691208192
1579159595074945024
1579482170061737984
1580618548451147777
1581015097002098688
1581345592713617408
1582064495559696384
1583095885218705409
1583825567824171008
1584237517003227136
1584556628774498304
1584584390687809536
1584606960246329344
1586321983951822848
1587126008104345600
1588184821770964992
