1573009046558371840
1573018632543678464
1573305074503077890
1575532233842229248
1576624257609768961
1576971208775626752
1576984447681019904
1576992163753369600
1577002266950778882
1577006926969434112
1577011894392750080
1577670923896717312
1578040140177575936
1578043773602381824
1578045366129315841
1578065993770962944
1578082642355957760
1578762336776777729
1578778218685034496
1578786647289860096
1579176176555098112
1580966033573335040
1581341011514433536
1582084509268418560
1583098007657861121
1583112391935684608
1583818686028226561
1584244401986813952
1585667875095949313
1586069078594301952
1586691971632054272
1586769099597832192
1587417689823412224
1588234216134836224
1588604536721289216
1591463434859872256
1591479058101121024
1591859475702505472
1592162620550627328
1593573189048573952
1594409623049691136
1594707075225047040
1594718225052397568
1594733485339660288
1595799344837591040
1596192494496215041
1596887040884457472
1597268732770033665
1597349461226881024
