1575513115592155136
1575565991647346688
1576971522547433472
1578446979713122304
1579113890222137344
1579175059670667265
1579175925064884224
1579532377759735808
1579548981637623808
1581348419188248576
1581734347819970560
1583074917259681793
1583135638303596544
1583523918999932928
1584241349619810304
1584609446575198208
1585591601165967360
1586033239394910208
1586034779618484224
1586059600998150144
1586063898893004800
1586317242106355712
1586366300632301568
1588549649929129984
1588561190896328706
1589310247038038016
1589315225924108288
1589321571969277952
1589644483045310464
1589676074270404608
1590750188121149440
1591118758533369856
1591473572622544897
1591843574391427072
1592211936124293120
1594744343105171456
1594751485417312256
1595824867454218240
1596166224039407616
1596533604292775936
1596538543819710464
1596553552658436096
1597343582238494722
