1578436073570652161
1578712743665995777
1579516865339916288
1579524889765171200
1580895611968348161
1580957973517598720
1580987365253898240
1580989766945984512
1581303090778759169
1581607241035243520
1581693400600002560
1581704297732870144
1581714474708393984
1582049210878373888
1583118040647831552
1583131699163930624
1583166795107803136
1583469758342443008
1583515348837539840
1583824112782311424
1584186657603022848
1584242507776503809
1584601936170262528
1585643164328484865
1585643937808490496
1585652902516953088
1585673497543602176
1585718292215398400
1586016386383306752
1586060172107169792
1586061900277821440
1586066942980481024
1586117376302628865
1586370060662304769
1586414735175753728
1586780229296652289
1586789601317969920
1586790707141779456
1587188119534878720
1588966217477533698
1589217952880050176
1589234580355207168
1590755531471388672
1590762679123005440
1591132376997781504
1591441339618697216
1591773268486086656
1592204138565324800
1593674874119315456
1594011496392089600
