1578797379192328192
1578811393238605824
1578811925013721088
1578813709945815040
1579108836559781888
1579141277463044096
1579146073335111680
1579156144924377088
1579156369198018561
1579160341010968576
1579187032823140352
1579203733514334208
1579467076762316800
1579472842017628160
1579481926309699585
1579483830448300032
1579506618739425280
1579518612074967040
1579526682024861697
1580618418545176577
1580619856365465601
1580621991886860288
1580937482547449857
1580968657378762752
1580975312367464448
1581326289159610368
1581348593369042946
1581352522173927424
1581356454082228225
1581356483400368128
1581664291689791488
1581674972832792576
1581680752839565312
1581690806876024832
1581718278833090560
1581719122412457984
1581722233491103745
1582032349214306304
1582049581327663104
1582062598706733056
1582068849482104832
1582070742811885568
1582073921926639616
1583062742650503168
1583082754328961026
1583115931315834880
1583122748137701377
1583142824496775168
1583161740052910080
1583473938268663808
