1581265347675586560
1584131072727687168
1584168613048705024
1584539122517155841
1584638502301577216
1586766368933945344
1586805695902654464
1586822325802024960
1588920920554590208
1588136076874641408
1588266980837924864
1588625362954637313
1589318734518476800
1589574759963901952
1589584489264750592
1589633508951224320
1589688565134483457
1590760048824938497
1591124475235246080
1591125765390540800
1591453372074348544
1591485725630963712
1591816750210990080
1592593296014098433
1592843994391863296
1593575367922675714
1593685997484699648
1593688648549031936
1593995444119707648
1593999628781023232
1594412619125014528
1594716359514152960
1595834197826052096
1595856298586824704
1596137820556644352
1596139330212499456
1596150356764721153
1596833343068491776
1597198005618364416
1597270382280691712
