1588946531091976193
1589211631036407808
1589278424509419521
1589370577592209408
1589651288668450816
1589653780823228416
1589660119670956032
1589717448881901568
1590029200735559680
1590704913218158592
1590716424997310465
1590749075489660928
1590784225464229888
1591035426235441152
1591053378510860288
1591056210165526529
1591129865570480128
1591144328021307392
1591476075313377280
1591495993777688577
1591518353918816256
1591756665204035584
1591767692108939264
1591771832217997313
1591838856407662592
1591850366097833984
1591880523361742848
1592146988325285888
1592148909840887808
1592155839938371584
1592159293175717888
1592162737353834496
1592172842619129857
1592178685498626048
1592186528335433728
1593893824501424128
1593993070470705152
1593998180567490560
1594006438170599424
1594008190479462400
1594009876749037568
1594026173515636736
1594040840145575937
1594296683558592512
1594331759637946368
1594333794785595392
1594347293901254658
1594350092986863617
1594397368543404034
1594692683045523456
