1588904138485743616
1588905741028638720
1588906561988096001
1588908085170716672
1588909054977531904
1588910280481648640
1588911125965537280
1589609697891262464
1590710317574733824
1590745063646224384
1591403384438976512
1591464110855790592
1591465910270832640
1591466684589748224
1591467475069202432
1592919310426664960
1592920355643105281
1592938993511014400
1592940789906251776
1592941626627944448
1592942425215037440
1594297264117415936
1594336846271733760
1594341801347014656
1594345181691744256
1596183902166700032
1596184872166555648
1596186203526828032
1596187033764093952
1596188325265686528
1596189990471540736
1597225876730372096
