1588216193437188096
1588259343010562048
1588587225347731457
1588594798742642688
1588866676522680321
1588883873915617280
1588885471765221376
1588891432777048064
1588893141473603584
1588908868582801408
1588911978432704513
1588916613432184832
1588922405195538432
1588941534862213120
1588943979424452608
1588960651828731904
1588964687290503168
1588967611026518016
1589308892663808002
1589319468408258560
1589325553000980480
1589326505884258304
1589579251749158912
1589683122857009152
1590024478020272129
1590027588461867008
1590032273256206336
1590033943495176192
1590756426724667392
1590786255385751552
1591070877591957504
1591117784238546944
1591147689818968064
1591446343259832320
1591491150493478912
1591769939563663360
1591777362110279680
1591780455946399744
1591853645846454272
1591867461623554050
1592153222692794369
1592154576949616640
1592213700018073600
1592218356068614144
1592219868375482368
1592223667987070976
1592484418064801792
1593648747082108928
1594002542488498176
1594019625771200512
