1594020508064018432
1594329883492147200
1594348056656445441
1594384921111498752
1594690229918748672
1594691473873731584
1594699812032729088
1594720183951872000
1594725404308287489
1595777093207552000
1595783068496850944
1595818403230351360
1595818692637302784
1595832086908395520
1595846955648888832
1595862521449222144
1596174684801994752
1596196707666173952
1596526688980160512
1596528469462282240
1596559267376713728
1596879420635115520
1596913320967294976
1596915338091966464
1596922696897695744
1596930435090432000
1597298010689515520
