1594362139791355904
1594368165970128896
1594369467127226368
1594374742756184064
1594389925167603712
1594700331111424000
1594701479461412864
1594709828152041473
1594712475043074048
1594719192087015424
1594739946065272832
1595786714026618880
1595805916896661504
1595827659480711168
1596112907821178880
1596114138643775488
1596141656251834368
1596189519296045056
1596471035708223488
1596517299745382400
1596526365351931904
1596533509862178816
1596540425300504576
1596564786371821568
1596830398146928640
1596866127933661184
1596879561353809920
1596885178328186880
1596899517910941696
1596924353811341312
1597230175724400640
1597238854767034369
1597250846630244353
1597258206174285824
1597259795521925120
1597260935294611456
1597296252198371328
1597300058567012352
